========================================
 ANALIZA: ACTIVE_LAST_6_MONTHS
========================================

CURRENT RATING STATS (BUCKET 100)
-----------------------------------------------------------------------------------------------
BUCKET         USERS     TOP %       MEDIAN_TIME    AVG_TIME       
-100--1        13        100.0       1.53           1.534          
0-99           6         99.986      1.399          1.683          
100-199        4         99.979      1.291          1.532          
200-299        18        99.975      1.124          1.49           
300-399        39        99.955      1.09           1.386          
400-499        111       99.913      0.919          1.265          
500-599        462       99.791      0.851          1.131          
600-699        1599      99.286      0.748          1.003          
700-799        4215      97.538      0.659          0.913          
800-899        8037      92.929      0.618          0.878          
900-999        10345     84.141      0.642          0.914          
1000-1099      10868     72.829      0.72           0.985          
1100-1199      10290     60.946      0.795          1.069          
1200-1299      11410     49.694      0.885          1.159          
1300-1399      8333      37.218      0.979          1.268          
1400-1499      8141      28.107      1.066          1.365          
1500-1599      4795      19.205      1.159          1.466          
1600-1699      4421      13.962      1.258          1.588          
1700-1799      2414      9.128       1.4            1.737          
1800-1899      1595      6.488       1.55           1.891          
1900-1999      1324      4.744       1.674          2.03           
2000-2099      780       3.297       1.826          2.174          
2100-2199      895       2.444       2.019          2.314          
2200-2299      444       1.465       2.382          2.655          
2300-2399      262       0.98        2.696          2.91           
2400-2499      254       0.693       2.916          3.161          
2500-2599      121       0.416       3.269          3.504          
2600-2699      80        0.283       3.49           3.768          
2700-2799      60        0.196       3.599          4.043          
2800-2899      40        0.13        3.921          4.259          
2900-2999      26        0.086       4.283          4.464          
3000-3099      17        0.058       4.697          4.862          
3100-3199      8         0.039       4.927          5.181          
3200-3299      8         0.031       5.105          5.782          
3300-3399      9         0.022       5.381          5.82           
3400-3499      4         0.012       5.429          5.851          
3500-3599      3         0.008       5.673          6.031          
3600-3699      2         0.004       6.176          6.586          
3700-3799      2         0.002       6.929          8.22           
TOTAL USERS: 91455

CURRENT RANK STATS
-----------------------------------------------------------------------------------------------
RANK                          USERS     TOP %       MEDIAN_TIME    AVG_TIME       
Newbie                        46007     100.0       -              -              
Pupil                         19743     49.694      0.885          1.159          
Specialist                    12936     28.107      1.066          1.365          
Expert                        8430      13.962      1.258          1.588          
Candidate Master              2104      4.744       1.674          2.03           
Master                        1339      2.444       2.019          2.314          
International Master          262       0.98        2.696          2.91           
Grandmaster                   375       0.693       2.916          3.161          
International Grandmaster     206       0.283       3.49           3.768          
Legendary Grandmaster         53        0.058       4.697          4.862          

MAX RATING STATS (BUCKET 100)
-----------------------------------------------------------------------------------------------
BUCKET         USERS     TOP %       MEDIAN_TIME    AVG_TIME       
600-699        18        100.0       0.748          1.003          
700-799        1568      99.98       0.659          0.913          
800-899        6427      98.266      0.618          0.878          
900-999        10155     91.238      0.642          0.914          
1000-1099      11009     80.134      0.72           0.985          
1100-1199      10209     68.097      0.795          1.069          
1200-1299      11858     56.934      0.885          1.159          
1300-1399      8869      43.968      0.979          1.268          
1400-1499      8948      34.27       1.066          1.365          
1500-1599      5680      24.486      1.159          1.466          
1600-1699      5221      18.276      1.258          1.588          
1700-1799      3205      12.567      1.4            1.737          
1800-1899      2176      9.062       1.55           1.891          
1900-1999      1764      6.683       1.674          2.03           
2000-2099      1124      4.754       1.826          2.174          
2100-2199      1115      3.525       2.019          2.314          
2200-2299      768       2.306       2.382          2.655          
2300-2399      458       1.466       2.696          2.91           
2400-2499      304       0.966       2.916          3.161          
2500-2599      164       0.633       3.269          3.504          
2600-2699      120       0.454       3.49           3.768          
2700-2799      81        0.323       3.599          4.043          
2800-2899      62        0.234       3.921          4.259          
2900-2999      57        0.166       4.283          4.464          
3000-3099      27        0.104       4.697          4.862          
3100-3199      18        0.074       4.927          5.181          
3200-3299      13        0.055       5.105          5.782          
3300-3399      11        0.04        5.381          5.82           
3400-3499      11        0.028       5.429          5.851          
3500-3599      4         0.016       5.673          6.031          
3600-3699      4         0.012       6.176          6.586          
3700-3799      3         0.008       6.929          8.22           
3800-3899      2         0.004       7.033          7.429          
4000-4099      2         0.002       10.281         10.281         
TOTAL USERS: 91455

MAX RANK STATS
-----------------------------------------------------------------------------------------------
RANK                          USERS     TOP %       MEDIAN_TIME    AVG_TIME       
Newbie                        39386     100.0       -              -              
Pupil                         20727     56.934      0.885          1.159          
Specialist                    14628     34.27       1.066          1.365          
Expert                        10602     18.276      1.258          1.588          
Candidate Master              2888      6.683       1.674          2.03           
Master                        1883      3.525       2.019          2.314          
International Master          458       1.466       2.696          2.91           
Grandmaster                   468       0.966       2.916          3.161          
International Grandmaster     320       0.454       3.49           3.768          
Legendary Grandmaster         95        0.104       4.697          4.862          

>>> DATE PENTRU GRAFIC: ACTIVE_LAST_6_MONTHS (PAS 30) <<<
BUCKET    USERS     
-60       9         
-30       4         
30        1         
60        5         
120       1         
150       1         
180       3         
210       3         
240       4         
270       10        
300       5         
330       15        
360       9         
390       19        
420       28        
450       35        
480       70        
510       95        
540       137       
570       199       
600       292       
630       458       
660       568       
690       877       
720       1089      
750       1438      
780       1765      
810       2159      
840       2358      
870       2847      
900       2947      
930       3130      
960       3169      
990       3222      
1020      3300      
1050      3253      
1080      3327      
1110      3116      
1140      2963      
1170      3076      
1200      3614      
1230      3632      
1260      3196      
1290      2883      
1320      2553      
1350      2424      
1380      2362      
1410      2694      
1440      2516      
1470      2010      
1500      1716      
1530      1460      
1560      1200      
1590      1499      
1620      1467      
1650      1225      
1680      958       
1710      775       
1740      702       
1770      628       
1800      542       
1830      493       
1860      447       
1890      426       
1920      430       
1950      383       
1980      301       
2010      270       
2040      214       
2070      193       
2100      331       
2130      279       
2160      208       
2190      196       
2220      148       
2250      103       
2280      108       
2310      86        
2340      61        
2370      81        
2400      104       
2430      72        
2460      60        
2490      43        
2520      33        
2550      39        
2580      30        
2610      35        
2640      23        
2670      16        
2700      17        
2730      18        
2760      18        
2790      18        
2820      9         
2850      13        
2880      10        
2910      9         
2940      8         
2970      6         
3000      5         
3030      4         
3060      7         
3090      1         
3120      3         
3150      4         
3180      1         
3210      3         
3240      5         
3300      2         
3330      3         
3360      3         
3390      2         
3420      2         
3480      1         
3510      2         
3570      1         
3600      1         
3660      1         
3690      1         
3780      1         
>>> SFARSIT DATE GRAFIC <<<

