========================================
 ANALIZA: ACTIVE_LAST_1_YEAR
========================================

CURRENT RATING STATS (BUCKET 100)
-----------------------------------------------------------------------------------------------
BUCKET         USERS     TOP %       MEDIAN_TIME    AVG_TIME       
-100--1        18        100.0       1.609          1.838          
0-99           9         99.986      1.307          1.745          
100-199        7         99.979      1.155          1.559          
200-299        26        99.974      1.079          1.443          
300-399        70        99.954      1.006          1.328          
400-499        194       99.901      0.899          1.226          
500-599        795       99.754      0.839          1.128          
600-699        2568      99.149      0.75           1.005          
700-799        6577      97.197      0.664          0.921          
800-899        12335     92.196      0.625          0.891          
900-999        15535     82.818      0.649          0.926          
1000-1099      15570     71.007      0.727          1.002          
1100-1199      14538     59.169      0.801          1.078          
1200-1299      15694     48.116      0.887          1.163          
1300-1399      11480     36.184      0.979          1.269          
1400-1499      11477     27.456      1.064          1.358          
1500-1599      6526      18.73       1.151          1.459          
1600-1699      6670      13.768      1.25           1.575          
1700-1799      3446      8.697       1.389          1.736          
1800-1899      2099      6.077       1.518          1.873          
1900-1999      1830      4.481       1.645          2.019          
2000-2099      1029      3.09        1.809          2.165          
2100-2199      1301      2.307       1.996          2.306          
2200-2299      597       1.318       2.366          2.646          
2300-2399      336       0.864       2.704          2.907          
2400-2499      323       0.609       2.914          3.141          
2500-2599      160       0.363       3.212          3.454          
2600-2699      98        0.242       3.412          3.716          
2700-2799      71        0.167       3.599          3.996          
2800-2899      49        0.113       3.953          4.216          
2900-2999      30        0.076       4.292          4.43           
3000-3099      27        0.053       4.697          4.803          
3100-3199      11        0.033       4.927          5.165          
3200-3299      9         0.024       5.34           5.719          
3300-3399      9         0.017       5.486          5.823          
3400-3499      6         0.011       5.489          5.781          
3500-3599      3         0.006       5.673          5.912          
3600-3699      3         0.004       6.176          6.351          
3700-3799      2         0.002       6.713          7.784          
TOTAL USERS: 131528

CURRENT RANK STATS
-----------------------------------------------------------------------------------------------
RANK                          USERS     TOP %       MEDIAN_TIME    AVG_TIME       
Newbie                        68242     100.0       -              -              
Pupil                         27174     48.116      0.887          1.163          
Specialist                    18003     27.456      1.064          1.358          
Expert                        12215     13.768      1.25           1.575          
Candidate Master              2859      4.481       1.645          2.019          
Master                        1898      2.307       1.996          2.306          
International Master          336       0.864       2.704          2.907          
Grandmaster                   483       0.609       2.914          3.141          
International Grandmaster     248       0.242       3.412          3.716          
Legendary Grandmaster         70        0.053       4.697          4.803          

MAX RATING STATS (BUCKET 100)
-----------------------------------------------------------------------------------------------
BUCKET         USERS     TOP %       MEDIAN_TIME    AVG_TIME       
600-699        40        100.0       0.75           1.005          
700-799        2585      99.97       0.664          0.921          
800-899        10056     98.004      0.625          0.891          
900-999        15318     90.359      0.649          0.926          
1000-1099      15949     78.713      0.727          1.002          
1100-1199      14696     66.587      0.801          1.078          
1200-1299      16370     55.413      0.887          1.163          
1300-1399      12342     42.967      0.979          1.269          
1400-1499      12732     33.584      1.064          1.358          
1500-1599      7922      23.904      1.151          1.459          
1600-1699      7724      17.881      1.25           1.575          
1700-1799      4587      12.008      1.389          1.736          
1800-1899      2963      8.521       1.518          1.873          
1900-1999      2454      6.268       1.645          2.019          
2000-2099      1543      4.402       1.809          2.165          
2100-2199      1532      3.229       1.996          2.306          
2200-2299      1030      2.064       2.366          2.646          
2300-2399      582       1.281       2.704          2.907          
2400-2499      389       0.839       2.914          3.141          
2500-2599      213       0.543       3.212          3.454          
2600-2699      149       0.381       3.412          3.716          
2700-2799      99        0.268       3.599          3.996          
2800-2899      74        0.192       3.953          4.216          
2900-2999      62        0.136       4.292          4.43           
3000-3099      40        0.089       4.697          4.803          
3100-3199      22        0.059       4.927          5.165          
3200-3299      14        0.042       5.34           5.719          
3300-3399      12        0.031       5.486          5.823          
3400-3499      12        0.022       5.489          5.781          
3500-3599      4         0.013       5.673          5.912          
3600-3699      5         0.01        6.176          6.351          
3700-3799      3         0.006       6.713          7.784          
3800-3899      3         0.004       6.529          6.894          
4000-4099      2         0.002       10.281         10.281         
TOTAL USERS: 131528

MAX RANK STATS
-----------------------------------------------------------------------------------------------
RANK                          USERS     TOP %       MEDIAN_TIME    AVG_TIME       
Newbie                        58644     100.0       -              -              
Pupil                         28712     55.413      0.887          1.163          
Specialist                    20654     33.584      1.064          1.358          
Expert                        15274     17.881      1.25           1.575          
Candidate Master              3997      6.268       1.645          2.019          
Master                        2562      3.229       1.996          2.306          
International Master          582       1.281       2.704          2.907          
Grandmaster                   602       0.839       2.914          3.141          
International Grandmaster     384       0.381       3.412          3.716          
Legendary Grandmaster         117       0.089       4.697          4.803          

>>> DATE PENTRU GRAFIC: ACTIVE_LAST_1_YEAR (PAS 30) <<<
BUCKET    USERS     
-60       13        
-30       5         
0         1         
30        2         
60        5         
90        1         
120       1         
150       2         
180       6         
210       5         
240       8         
270       11        
300       11        
330       26        
360       18        
390       30        
420       50        
450       65        
480       109       
510       153       
540       246       
570       351       
600       513       
630       719       
660       923       
690       1348      
720       1716      
750       2253      
780       2706      
810       3307      
840       3642      
870       4353      
900       4524      
930       4737      
960       4682      
990       4681      
1020      4703      
1050      4641      
1080      4718      
1110      4502      
1140      4214      
1170      4241      
1200      5107      
1230      4961      
1260      4303      
1290      3986      
1320      3564      
1350      3251      
1380      3308      
1410      3875      
1440      3528      
1470      2768      
1500      2422      
1530      1950      
1560      1615      
1590      2186      
1620      2244      
1650      1809      
1680      1408      
1710      1127      
1740      1008      
1770      873       
1800      739       
1830      639       
1860      567       
1890      586       
1920      597       
1950      542       
1980      393       
2010      364       
2040      280       
2070      251       
2100      484       
2130      405       
2160      309       
2190      261       
2220      205       
2250      134       
2280      145       
2310      114       
2340      81        
2370      96        
2400      134       
2430      95        
2460      74        
2490      55        
2520      53        
2550      46        
2580      34        
2610      43        
2640      27        
2670      20        
2700      20        
2730      22        
2760      21        
2790      24        
2820      10        
2850      16        
2880      10        
2910      11        
2940      8         
2970      8         
3000      9         
3030      6         
3060      11        
3090      2         
3120      3         
3150      5         
3180      2         
3210      4         
3240      5         
3300      2         
3330      3         
3360      3         
3390      4         
3420      2         
3480      1         
3510      2         
3570      1         
3600      1         
3660      2         
3690      1         
3780      1         
>>> SFARSIT DATE GRAFIC <<<

