========================================
 ANALIZA: ALL_TIME
========================================

CURRENT RATING STATS (BUCKET 100)
-----------------------------------------------------------------------------------------------
BUCKET         USERS     TOP %       MEDIAN_TIME    AVG_TIME       
-100--1        91        100.0       1.089          1.386          
0-99           51        99.978      0.936          1.312          
100-199        76        99.966      0.942          1.23           
200-299        176       99.948      0.933          1.184          
300-399        447       99.907      0.905          1.158          
400-499        1248      99.801      0.869          1.12           
500-599        3770      99.505      0.82           1.059          
600-699        10486     98.611      0.751          0.981          
700-799        22996     96.126      0.68           0.918          
800-899        37076     90.676      0.65           0.905          
900-999        44675     81.889      0.663          0.933          
1000-1099      46174     71.3        0.705          0.979          
1100-1199      43227     60.357      0.75           1.028          
1200-1299      45976     50.112      0.804          1.08           
1300-1399      34563     39.215      0.864          1.147          
1400-1499      35869     31.023      0.934          1.215          
1500-1599      21856     22.522      0.998          1.288          
1600-1699      25630     17.342      1.091          1.392          
1700-1799      14168     11.268      1.204          1.52           
1800-1899      7647      7.91        1.378          1.703          
1900-1999      8686      6.097       1.496          1.845          
2000-2099      4148      4.039       1.674          2.018          
2100-2199      6484      3.055       1.866          2.198          
2200-2299      2581      1.519       2.159          2.467          
2300-2399      1162      0.907       2.454          2.747          
2400-2499      1238      0.632       2.75           2.995          
2500-2599      495       0.338       3.093          3.273          
2600-2699      371       0.221       3.26           3.534          
2700-2799      205       0.133       3.483          3.784          
2800-2899      117       0.084       3.783          4.005          
2900-2999      73        0.057       4.003          4.233          
3000-3099      83        0.039       4.189          4.53           
3100-3199      32        0.02        4.588          4.777          
3200-3299      20        0.012       4.754          5.081          
3300-3399      12        0.007       5.265          5.492          
3400-3499      8         0.005       5.429          5.645          
3500-3599      5         0.003       6.102          6.086          
3600-3699      4         0.001       6.269          6.52           
3700-3799      2         0.0         6.713          7.784          
TOTAL USERS: 421928

CURRENT RANK STATS
-----------------------------------------------------------------------------------------------
RANK                          USERS     TOP %       MEDIAN_TIME    AVG_TIME       
Newbie                        210493    100.0       -              -              
Pupil                         80539     50.112      0.804          1.08           
Specialist                    57725     31.023      0.934          1.215          
Expert                        47445     17.342      1.091          1.392          
Candidate Master              12834     6.097       1.496          1.845          
Master                        9065      3.055       1.866          2.198          
International Master          1162      0.907       2.454          2.747          
Grandmaster                   1733      0.632       2.75           2.995          
International Grandmaster     766       0.221       3.26           3.534          
Legendary Grandmaster         166       0.039       4.189          4.53           

MAX RATING STATS (BUCKET 100)
-----------------------------------------------------------------------------------------------
BUCKET         USERS     TOP %       MEDIAN_TIME    AVG_TIME       
400-499        1         100.0       0.869          1.12           
500-599        1         100.0       0.82           1.059          
600-699        627       100.0       0.751          0.981          
700-799        11322     99.851      0.68           0.918          
800-899        30572     97.168      0.65           0.905          
900-999        42624     89.922      0.663          0.933          
1000-1099      46432     79.82       0.705          0.979          
1100-1199      44851     68.815      0.75           1.028          
1200-1299      48048     58.185      0.804          1.08           
1300-1399      38771     46.797      0.864          1.147          
1400-1499      39354     37.608      0.934          1.215          
1500-1599      27418     28.281      0.998          1.288          
1600-1699      29184     21.783      1.091          1.392          
1700-1799      18718     14.866      1.204          1.52           
1800-1899      11068     10.43       1.378          1.703          
1900-1999      10480     7.806       1.496          1.845          
2000-2099      6396      5.322       1.674          2.018          
2100-2199      7020      3.807       1.866          2.198          
2200-2299      3725      2.143       2.159          2.467          
2300-2399      1851      1.26        2.454          2.747          
2400-2499      1424      0.821       2.75           2.995          
2500-2599      693       0.484       3.093          3.273          
2600-2699      477       0.319       3.26           3.534          
2700-2799      300       0.206       3.483          3.784          
2800-2899      190       0.135       3.783          4.005          
2900-2999      130       0.09        4.003          4.233          
3000-3099      102       0.059       4.189          4.53           
3100-3199      58        0.035       4.588          4.777          
3200-3299      30        0.022       4.754          5.081          
3300-3399      22        0.014       5.265          5.492          
3400-3499      18        0.009       5.429          5.645          
3500-3599      7         0.005       6.102          6.086          
3600-3699      6         0.003       6.269          6.52           
3700-3799      3         0.002       6.713          7.784          
3800-3899      3         0.001       6.529          6.894          
4000-4099      2         0.0         10.281         10.281         
TOTAL USERS: 421928

MAX RANK STATS
-----------------------------------------------------------------------------------------------
RANK                          USERS     TOP %       MEDIAN_TIME    AVG_TIME       
Newbie                        176430    100.0       -              -              
Pupil                         86819     58.185      0.804          1.08           
Specialist                    66772     37.608      0.934          1.215          
Expert                        58970     21.783      1.091          1.392          
Candidate Master              16876     7.806       1.496          1.845          
Master                        10745     3.807       1.866          2.198          
International Master          1851      1.26        2.454          2.747          
Grandmaster                   2117      0.821       2.75           2.995          
International Grandmaster     1097      0.319       3.26           3.534          
Legendary Grandmaster         251       0.059       4.189          4.53           

>>> DATE PENTRU GRAFIC: ALL_TIME (PAS 30) <<<
BUCKET    USERS     
-60       52        
-30       39        
0         20        
30        14        
60        11        
90        20        
120       11        
150       23        
180       41        
210       38        
240       57        
270       68        
300       82        
330       139       
360       146       
390       222       
420       283       
450       445       
480       602       
510       822       
540       1139      
570       1585      
600       2260      
630       2836      
660       3831      
690       5106      
720       6203      
750       7543      
780       8886      
810       10260     
840       11088     
870       12545     
900       12850     
930       13559     
960       13584     
990       13913     
1020      13923     
1050      13823     
1080      13822     
1110      13412     
1140      12648     
1170      12542     
1200      15038     
1230      14298     
1260      12724     
1290      11656     
1320      10810     
1350      9976      
1380      10413     
1410      12327     
1440      10422     
1470      8744      
1500      7835      
1530      6645      
1560      5579      
1590      8346      
1620      8652      
1650      6789      
1680      5610      
1710      4900      
1740      4021      
1770      3277      
1800      2782      
1830      2284      
1860      2032      
1890      2946      
1920      2854      
1950      2278      
1980      1735      
2010      1459      
2040      1127      
2070      984       
2100      2680      
2130      1930      
2160      1446      
2190      1171      
2220      868       
2250      630       
2280      528       
2310      396       
2340      292       
2370      286       
2400      530       
2430      363       
2460      278       
2490      190       
2520      167       
2550      131       
2580      117       
2610      134       
2640      101       
2670      93        
2700      74        
2730      64        
2760      53        
2790      50        
2820      40        
2850      28        
2880      21        
2910      30        
2940      20        
2970      15        
3000      31        
3030      25        
3060      23        
3090      10        
3120      10        
3150      9         
3180      11        
3210      7         
3240      5         
3270      4         
3300      4         
3330      4         
3360      3         
3390      5         
3420      2         
3450      1         
3480      1         
3510      2         
3540      2         
3570      1         
3600      1         
3660      3         
3690      1         
3780      1         
>>> SFARSIT DATE GRAFIC <<<

